9780764573712
9781601531841
9780618052875
9780021856534
9781557346759
9780021856220
9781591413202
9780028028330
9780021847389
9780201149852
9780130148155
9780070159167
9780312264376
9780534579975
9780130144980
9780130896292
9780323012188
9781601434685
9780072921878
9780813628158
9780395610855
9781561893829
9781563160011
9780130985767
9780131754935
9781561895052
9781561893706
9780590975162
9780938256458
9780816712168
9780307104083
9781579731410
9780030741968
9781563160103
9781577686033
9780028018249
9780769686240
9780078726545
9780312570567
9780812631487
